pos	(20, 80)
path	{(20, 79), (20, 69), (20, 75), (20, 72), (20, 78), (20, 62), (20, 68), (20, 65), (20, 71), (20, 77), (20, 74), (20, 64), (20, 70), (20, 67), (20, 73), (20, 63), (20, 76), (20, 66)}
zone	{(59, 20), (60, 21), (61, 20), (59, 19), (60, 20), (61, 19), (59, 21), (61, 21), (60, 19)}
pos	(63, 20)
path	{(62, 20), (38, 20), (49, 20), (31, 20), (53, 20), (29, 20), (40, 20), (22, 20), (55, 20), (42, 20), (46, 20), (33, 20), (44, 20), (57, 20), (26, 20), (48, 20), (24, 20), (35, 20), (39, 20), (37, 20), (41, 20), (28, 20), (50, 20), (52, 20), (32, 20), (30, 20), (43, 20), (63, 20), (56, 20), (54, 20), (36, 20), (23, 20), (34, 20), (45, 20), (47, 20), (27, 20), (58, 20), (51, 20), (25, 20)}
zone	{(21, 20), (21, 19), (19, 20), (20, 20), (19, 19), (21, 21), (20, 19), (19, 21), (20, 21)}
pos	(20, 80)
path	None
zone	None
pos	(16, 60)
path	{(22, 60), (42, 60), (44, 60), (33, 60), (35, 60), (46, 60), (57, 60), (24, 60), (39, 60), (26, 60), (48, 60), (20, 60), (37, 60), (28, 60), (50, 60), (17, 60), (30, 60), (41, 60), (52, 60), (19, 60), (43, 60), (32, 60), (21, 60), (54, 60), (23, 60), (45, 60), (56, 60), (34, 60), (29, 60), (47, 60), (58, 60), (36, 60), (51, 60), (27, 60), (25, 60), (16, 60), (49, 60), (38, 60), (18, 60), (40, 60), (55, 60), (31, 60), (53, 60)}
zone	{(59, 61), (61, 61), (60, 59), (60, 61), (59, 59), (61, 59)}
pos	(60, 63)
path	{(60, 47), (60, 53), (60, 50), (60, 56), (60, 62), (60, 22), (60, 25), (60, 28), (60, 34), (60, 31), (60, 37), (60, 40), (60, 46), (60, 43), (60, 49), (60, 52), (60, 58), (60, 55), (60, 27), (60, 24), (60, 30), (60, 33), (60, 39), (60, 36), (60, 42), (60, 48), (60, 45), (60, 51), (60, 54), (60, 57), (60, 63), (60, 23), (60, 26), (60, 32), (60, 29), (60, 35), (60, 41), (60, 38), (60, 44)}
zone	{(19, 59), (21, 61), (19, 61), (21, 60), (21, 59), (19, 60)}
pos	(20, 1)
path	{(20, 5), (20, 11), (20, 8), (20, 14), (20, 4), (20, 17), (20, 1), (20, 7), (20, 13), (20, 10), (20, 16), (20, 6), (20, 3), (20, 9), (20, 12), (20, 18), (20, 2), (20, 15)}
zone	{(21, 20), (21, 19), (19, 20), (20, 20), (19, 19), (21, 21), (20, 19), (19, 21), (20, 21)}
pos	(20, 78)
path	{(20, 69), (20, 75), (20, 72), (20, 78), (20, 62), (20, 68), (20, 65), (20, 71), (20, 77), (20, 74), (20, 64), (20, 70), (20, 67), (20, 73), (20, 63), (20, 76), (20, 66)}
zone	{(59, 20), (60, 21), (61, 20), (59, 19), (60, 20), (61, 19), (59, 21), (61, 21), (60, 19)}
pos	(78, 60)
path	{(73, 60), (78, 60), (63, 60), (75, 60), (70, 60), (68, 60), (71, 60), (66, 60), (69, 60), (64, 60), (67, 60), (62, 60), (65, 60), (74, 60), (76, 60), (77, 60), (72, 60)}
zone	{(59, 61), (61, 61), (60, 59), (59, 60), (60, 61), (61, 60), (59, 59), (60, 60), (61, 59)}
pos	(60, 1)
path	{(60, 18), (60, 2), (60, 8), (60, 5), (60, 11), (60, 1), (60, 14), (60, 4), (60, 17), (60, 7), (60, 13), (60, 3), (60, 10), (60, 16), (60, 6), (60, 9), (60, 15), (60, 12)}
zone	{(19, 59), (21, 61), (20, 59), (19, 61), (20, 61), (21, 60), (21, 59), (19, 60), (20, 60)}
pos	(32, 20)
path	{(28, 20), (23, 20), (26, 20), (29, 20), (24, 20), (27, 20), (22, 20), (30, 20), (31, 20), (32, 20), (25, 20)}
zone	{(21, 20), (21, 19), (19, 20), (20, 20), (19, 19), (21, 21), (20, 19), (19, 21), (20, 21)}
pos	(20, 47)
path	{(20, 50), (20, 56), (20, 53), (20, 49), (20, 52), (20, 58), (20, 55), (20, 51), (20, 48), (20, 54), (20, 57), (20, 47)}
zone	{(59, 20), (60, 21), (61, 20), (59, 19), (60, 20), (61, 19), (59, 21), (61, 21), (60, 19)}
pos	(47, 60)
path	{(48, 60), (51, 60), (47, 60), (54, 60), (49, 60), (50, 60), (56, 60), (57, 60), (52, 60), (55, 60), (58, 60), (53, 60)}
zone	{(59, 61), (61, 61), (60, 59), (59, 60), (60, 61), (61, 60), (59, 59), (60, 60), (61, 59)}
pos	(72, 20)
path	{(67, 20), (62, 20), (68, 20), (70, 20), (66, 20), (69, 20), (64, 20), (71, 20), (65, 20), (72, 20), (63, 20)}
zone	{(19, 59), (21, 61), (20, 59), (19, 61), (20, 61), (21, 60), (21, 59), (19, 60), (20, 60)}
pos	(20, 32)
path	{(20, 24), (20, 30), (20, 27), (20, 23), (20, 26), (20, 32), (20, 29), (20, 25), (20, 22), (20, 28), (20, 31)}
zone	{(21, 20), (21, 19), (19, 20), (20, 20), (19, 19), (21, 21), (20, 19), (19, 21), (20, 21)}
pos	(7, 60)
path	{(10, 60), (7, 60), (9, 60), (16, 60), (11, 60), (17, 60), (12, 60), (18, 60), (13, 60), (8, 60), (14, 60), (15, 60)}
zone	{(59, 20), (60, 21), (61, 20), (59, 19), (60, 20), (61, 19), (59, 21), (61, 21), (60, 19)}
pos	(60, 47)
path	{(60, 47), (60, 53), (60, 50), (60, 56), (60, 49), (60, 52), (60, 58), (60, 48), (60, 55), (60, 51), (60, 54), (60, 57)}
zone	{(59, 61), (61, 61), (60, 59), (59, 60), (60, 61), (61, 60), (59, 59), (60, 60), (61, 59)}
pos	(60, 32)
path	{(60, 31), (60, 27), (60, 24), (60, 30), (60, 23), (60, 26), (60, 32), (60, 22), (60, 29), (60, 25), (60, 28)}
zone	{(19, 59), (21, 61), (20, 59), (19, 61), (20, 61), (21, 60), (21, 59), (19, 60), (20, 60)}
pos	(20, 7)
path	{(20, 11), (20, 8), (20, 14), (20, 17), (20, 7), (20, 13), (20, 10), (20, 16), (20, 9), (20, 12), (20, 18), (20, 15)}
zone	{(21, 20), (21, 19), (19, 20), (20, 20), (19, 19), (21, 21), (20, 19), (19, 21), (20, 21)}
pos	(7, 60)
path	{(10, 60), (7, 60), (9, 60), (16, 60), (11, 60), (17, 60), (12, 60), (18, 60), (13, 60), (8, 60), (14, 60), (15, 60)}
zone	{(59, 20), (60, 21), (61, 20), (59, 19), (60, 20), (61, 19), (59, 21), (61, 21), (60, 19)}
pos	(60, 47)
path	{(60, 47), (60, 53), (60, 50), (60, 56), (60, 49), (60, 52), (60, 58), (60, 48), (60, 55), (60, 51), (60, 54), (60, 57)}
zone	{(59, 61), (61, 61), (60, 59), (59, 60), (60, 61), (61, 60), (59, 59), (60, 60), (61, 59)}
pos	(72, 20)
path	{(67, 20), (62, 20), (68, 20), (70, 20), (66, 20), (69, 20), (64, 20), (71, 20), (65, 20), (72, 20), (63, 20)}
zone	{(19, 59), (21, 61), (20, 59), (19, 61), (20, 61), (21, 60), (21, 59), (19, 60), (20, 60)}
pos	(34, 20)
path	{(33, 20), (28, 20), (23, 20), (26, 20), (29, 20), (24, 20), (27, 20), (22, 20), (30, 20), (31, 20), (32, 20), (34, 20), (25, 20)}
zone	{(21, 20), (21, 19), (19, 20), (20, 20), (19, 19), (21, 21), (20, 19), (19, 21), (20, 21)}
pos	(34, 60)
path	{(32, 60), (27, 60), (22, 60), (25, 60), (33, 60), (28, 60), (23, 60), (34, 60), (29, 60), (24, 60), (30, 60), (31, 60), (26, 60)}
zone	{(59, 20), (60, 21), (61, 20), (59, 19), (60, 20), (61, 19), (59, 21), (61, 21), (60, 19)}
pos	(74, 60)
path	{(73, 60), (63, 60), (70, 60), (68, 60), (71, 60), (66, 60), (69, 60), (64, 60), (67, 60), (62, 60), (65, 60), (74, 60), (72, 60)}
zone	{(59, 61), (61, 61), (60, 59), (59, 60), (60, 61), (61, 60), (59, 59), (60, 60), (61, 59)}
pos	(46, 20)
path	{(56, 20), (54, 20), (57, 20), (52, 20), (49, 20), (58, 20), (53, 20), (50, 20), (48, 20), (47, 20), (46, 20), (55, 20), (51, 20)}
zone	{(19, 59), (21, 61), (20, 59), (19, 61), (20, 61), (21, 60), (21, 59), (19, 60), (20, 60)}
pos	(5, 20)
path	{(16, 20), (11, 20), (17, 20), (12, 20), (18, 20), (7, 20), (13, 20), (8, 20), (14, 20), (6, 20), (15, 20), (10, 20), (5, 20), (9, 20)}
zone	{(21, 20), (21, 19), (19, 20), (20, 20), (19, 19), (21, 21), (20, 19), (19, 21), (20, 21)}
pos	(5, 60)
path	{(10, 60), (5, 60), (6, 60), (7, 60), (9, 60), (16, 60), (11, 60), (17, 60), (12, 60), (18, 60), (13, 60), (8, 60), (14, 60), (15, 60)}
zone	{(59, 20), (60, 21), (61, 20), (59, 19), (60, 20), (61, 19), (59, 21), (61, 21), (60, 19)}
pos	(45, 60)
path	{(48, 60), (51, 60), (45, 60), (47, 60), (54, 60), (49, 60), (46, 60), (50, 60), (56, 60), (57, 60), (52, 60), (55, 60), (58, 60), (53, 60)}
zone	{(59, 61), (61, 61), (60, 59), (59, 60), (60, 61), (61, 60), (59, 59), (60, 60), (61, 59)}
pos	(60, 34)
path	{(60, 31), (60, 27), (60, 24), (60, 30), (60, 33), (60, 23), (60, 26), (60, 32), (60, 22), (60, 29), (60, 25), (60, 28), (60, 34)}
zone	{(19, 59), (21, 61), (20, 59), (19, 61), (20, 61), (21, 60), (21, 59), (19, 60), (20, 60)}
pos	(31, 20)
path	{(28, 20), (23, 20), (26, 20), (29, 20), (24, 20), (27, 20), (22, 20), (30, 20), (31, 20), (25, 20)}
zone	{(21, 20), (21, 19), (19, 20), (20, 20), (19, 19), (21, 21), (20, 19), (19, 21), (20, 21)}
pos	(20, 71)
path	{(20, 69), (20, 62), (20, 68), (20, 65), (20, 71), (20, 64), (20, 70), (20, 67), (20, 63), (20, 66)}
zone	{(59, 20), (60, 21), (61, 20), (59, 19), (60, 20), (61, 19), (59, 21), (61, 21), (60, 19)}
pos	(60, 48)
path	{(60, 53), (60, 50), (60, 56), (60, 49), (60, 52), (60, 58), (60, 48), (60, 55), (60, 51), (60, 54), (60, 57)}
zone	{(59, 61), (61, 61), (60, 59), (59, 60), (60, 61), (61, 60), (59, 59), (60, 60), (61, 59)}
pos	(60, 8)
path	{(60, 18), (60, 8), (60, 11), (60, 14), (60, 17), (60, 13), (60, 10), (60, 16), (60, 9), (60, 15), (60, 12)}
zone	{(19, 59), (21, 61), (20, 59), (19, 61), (20, 61), (21, 60), (21, 59), (19, 60), (20, 60)}
pos	(7, 20)
path	{(16, 20), (11, 20), (17, 20), (12, 20), (18, 20), (7, 20), (13, 20), (8, 20), (14, 20), (15, 20), (10, 20), (9, 20)}
zone	{(21, 20), (21, 19), (19, 20), (20, 20), (19, 19), (21, 21), (20, 19), (19, 21), (20, 21)}
pos	(33, 60)
path	{(32, 60), (27, 60), (22, 60), (25, 60), (33, 60), (28, 60), (23, 60), (29, 60), (24, 60), (30, 60), (31, 60), (26, 60)}
zone	{(59, 20), (60, 21), (61, 20), (59, 19), (60, 20), (61, 19), (59, 21), (61, 21), (60, 19)}
pos	(47, 60)
path	{(48, 60), (51, 60), (47, 60), (54, 60), (49, 60), (50, 60), (56, 60), (57, 60), (52, 60), (55, 60), (58, 60), (53, 60)}
zone	{(59, 61), (61, 61), (60, 59), (59, 60), (60, 61), (61, 60), (59, 59), (60, 60), (61, 59)}
pos	(60, 33)
path	{(60, 31), (60, 27), (60, 24), (60, 30), (60, 33), (60, 23), (60, 26), (60, 32), (60, 22), (60, 29), (60, 25), (60, 28)}
zone	{(19, 59), (21, 61), (20, 59), (19, 61), (20, 61), (21, 60), (21, 59), (19, 60), (20, 60)}
pos	(20, 34)
path	{(20, 34), (20, 24), (20, 30), (20, 27), (20, 33), (20, 23), (20, 26), (20, 32), (20, 29), (20, 25), (20, 22), (20, 28), (20, 31)}
zone	{(21, 20), (21, 19), (19, 20), (20, 20), (19, 19), (21, 21), (20, 19), (19, 21), (20, 21)}
pos	(5, 60)
path	{(10, 60), (5, 60), (6, 60), (7, 60), (9, 60), (16, 60), (11, 60), (17, 60), (12, 60), (18, 60), (13, 60), (8, 60), (14, 60), (15, 60)}
zone	{(59, 20), (60, 21), (61, 20), (59, 19), (60, 20), (61, 19), (59, 21), (61, 21), (60, 19)}
pos	(74, 60)
path	{(73, 60), (63, 60), (70, 60), (68, 60), (71, 60), (66, 60), (69, 60), (64, 60), (67, 60), (62, 60), (65, 60), (74, 60), (72, 60)}
zone	{(59, 61), (61, 61), (60, 59), (59, 60), (60, 61), (61, 60), (59, 59), (60, 60), (61, 59)}
pos	(74, 20)
path	{(67, 20), (62, 20), (68, 20), (70, 20), (66, 20), (69, 20), (64, 20), (71, 20), (73, 20), (65, 20), (74, 20), (72, 20), (63, 20)}
zone	{(19, 59), (21, 61), (20, 59), (19, 61), (20, 61), (21, 60), (21, 59), (19, 60), (20, 60)}
pos	(20, 7)
path	{(20, 11), (20, 8), (20, 14), (20, 17), (20, 7), (20, 13), (20, 10), (20, 16), (20, 9), (20, 12), (20, 18), (20, 15)}
zone	{(21, 20), (21, 19), (19, 20), (20, 20), (19, 19), (21, 21), (20, 19), (19, 21), (20, 21)}
pos	(7, 60)
path	{(10, 60), (7, 60), (9, 60), (16, 60), (11, 60), (17, 60), (12, 60), (18, 60), (13, 60), (8, 60), (14, 60), (15, 60)}
zone	{(59, 20), (60, 21), (61, 20), (59, 19), (60, 20), (61, 19), (59, 21), (61, 21), (60, 19)}
pos	(60, 72)
path	{(60, 63), (60, 66), (60, 72), (60, 69), (60, 65), (60, 62), (60, 68), (60, 71), (60, 67), (60, 64), (60, 70)}
zone	{(59, 61), (61, 61), (60, 59), (59, 60), (60, 61), (61, 60), (59, 59), (60, 60), (61, 59)}
pos	(60, 32)
path	{(60, 31), (60, 27), (60, 24), (60, 30), (60, 23), (60, 26), (60, 32), (60, 22), (60, 29), (60, 25), (60, 28)}
zone	{(19, 59), (21, 61), (20, 59), (19, 61), (20, 61), (21, 60), (21, 59), (19, 60), (20, 60)}
pos	(20, 80)
path	{(20, 79), (20, 69), (20, 75), (20, 72), (20, 78), (20, 62), (20, 68), (20, 65), (20, 71), (20, 77), (20, 74), (20, 64), (20, 70), (20, 67), (20, 73), (20, 63), (20, 76), (20, 66)}
zone	{(59, 20), (60, 21), (61, 20), (59, 19), (60, 20), (61, 19), (59, 21), (61, 21), (60, 19)}
pos	(60, 80)
path	{(60, 63), (60, 76), (60, 66), (60, 72), (60, 69), (60, 75), (60, 65), (60, 78), (60, 62), (60, 68), (60, 71), (60, 77), (60, 67), (60, 74), (60, 64), (60, 70), (60, 73), (60, 79)}
zone	{(59, 61), (61, 61), (60, 59), (59, 60), (60, 61), (61, 60), (59, 59), (60, 60), (61, 59)}
pos	(-1, 20)
path	{(16, 20), (18, 20), (7, 20), (9, 20), (11, 20), (0, 20), (2, 20), (13, 20), (6, 20), (15, 20), (4, 20), (17, 20), (8, 20), (1, 20), (10, 20), (12, 20), (14, 20), (3, 20), (5, 20)}
zone	{(21, 20), (21, 19), (19, 20), (20, 20), (19, 19), (21, 21), (20, 19), (19, 21), (20, 21)}
pos	(-1, 20)
path	None
zone	None
pos	(20, 80)
path	None
zone	None
pos	(60, 80)
path	None
zone	None
pos	(60, 66)
path	{(60, 47), (60, 53), (60, 50), (60, 56), (60, 59), (60, 65), (60, 62), (60, 22), (60, 25), (60, 28), (60, 34), (60, 31), (60, 37), (60, 40), (60, 46), (60, 43), (60, 49), (60, 52), (60, 58), (60, 55), (60, 61), (60, 64), (60, 27), (60, 24), (60, 30), (60, 33), (60, 39), (60, 36), (60, 42), (60, 48), (60, 45), (60, 51), (60, 54), (60, 60), (60, 57), (60, 63), (60, 66), (60, 23), (60, 26), (60, 32), (60, 29), (60, 35), (60, 41), (60, 38), (60, 44)}
zone	{(19, 59), (21, 61), (20, 59), (19, 61), (20, 61), (21, 60), (21, 59), (19, 60), (20, 60)}
pos	(20, 3)
path	{(20, 5), (20, 11), (20, 8), (20, 14), (20, 4), (20, 17), (20, 7), (20, 13), (20, 10), (20, 16), (20, 6), (20, 3), (20, 9), (20, 12), (20, 18), (20, 15)}
zone	{(21, 20), (21, 19), (19, 20), (20, 20), (19, 19), (21, 21), (20, 19), (19, 21), (20, 21)}
pos	(20, 43)
path	{(20, 50), (20, 56), (20, 53), (20, 43), (20, 49), (20, 46), (20, 52), (20, 58), (20, 55), (20, 45), (20, 51), (20, 48), (20, 54), (20, 44), (20, 57), (20, 47)}
zone	{(59, 20), (60, 21), (61, 20), (59, 19), (60, 20), (61, 19), (59, 21), (61, 21), (60, 19)}
pos	(60, 77)
path	{(60, 63), (60, 76), (60, 66), (60, 72), (60, 69), (60, 75), (60, 65), (60, 62), (60, 68), (60, 71), (60, 77), (60, 67), (60, 74), (60, 64), (60, 70), (60, 73)}
zone	{(59, 61), (61, 61), (60, 59), (59, 60), (60, 61), (61, 60), (59, 59), (60, 60), (61, 59)}
pos	(60, 3)
path	{(60, 18), (60, 8), (60, 5), (60, 11), (60, 14), (60, 4), (60, 17), (60, 7), (60, 13), (60, 3), (60, 10), (60, 16), (60, 6), (60, 9), (60, 15), (60, 12)}
zone	{(19, 59), (21, 61), (20, 59), (19, 61), (20, 61), (21, 60), (21, 59), (19, 60), (20, 60)}
pos	(2, 20)
path	{(16, 20), (11, 20), (17, 20), (12, 20), (18, 20), (7, 20), (13, 20), (8, 20), (14, 20), (6, 20), (3, 20), (15, 20), (10, 20), (5, 20), (2, 20), (9, 20), (4, 20)}
zone	{(21, 20), (21, 19), (19, 20), (20, 20), (19, 19), (21, 21), (20, 19), (19, 21), (20, 21)}
pos	(20, 78)
path	{(20, 69), (20, 75), (20, 72), (20, 78), (20, 62), (20, 68), (20, 65), (20, 71), (20, 77), (20, 74), (20, 64), (20, 70), (20, 67), (20, 73), (20, 63), (20, 76), (20, 66)}
zone	{(59, 20), (60, 21), (61, 20), (59, 19), (60, 20), (61, 19), (59, 21), (61, 21), (60, 19)}
pos	(78, 60)
path	{(73, 60), (78, 60), (63, 60), (75, 60), (70, 60), (68, 60), (71, 60), (66, 60), (69, 60), (64, 60), (67, 60), (62, 60), (65, 60), (74, 60), (76, 60), (77, 60), (72, 60)}
zone	{(59, 61), (61, 61), (60, 59), (59, 60), (60, 61), (61, 60), (59, 59), (60, 60), (61, 59)}
pos	(60, 2)
path	{(60, 18), (60, 2), (60, 8), (60, 5), (60, 11), (60, 14), (60, 4), (60, 17), (60, 7), (60, 13), (60, 3), (60, 10), (60, 16), (60, 6), (60, 9), (60, 15), (60, 12)}
zone	{(19, 59), (21, 61), (20, 59), (19, 61), (20, 61), (21, 60), (21, 59), (19, 60), (20, 60)}
pos	(32, 20)
path	{(28, 20), (23, 20), (26, 20), (29, 20), (24, 20), (27, 20), (22, 20), (30, 20), (31, 20), (32, 20), (25, 20)}
zone	{(21, 20), (21, 19), (19, 20), (20, 20), (19, 19), (21, 21), (20, 19), (19, 21), (20, 21)}
pos	(8, 60)
path	{(10, 60), (9, 60), (16, 60), (11, 60), (17, 60), (12, 60), (18, 60), (13, 60), (8, 60), (14, 60), (15, 60)}
zone	{(59, 20), (60, 21), (61, 20), (59, 19), (60, 20), (61, 19), (59, 21), (61, 21), (60, 19)}
pos	(48, 60)
path	{(48, 60), (51, 60), (54, 60), (49, 60), (50, 60), (56, 60), (57, 60), (52, 60), (55, 60), (58, 60), (53, 60)}
zone	{(59, 61), (61, 61), (60, 59), (59, 60), (60, 61), (61, 60), (59, 59), (60, 60), (61, 59)}
pos	(72, 20)
path	{(67, 20), (62, 20), (68, 20), (70, 20), (66, 20), (69, 20), (64, 20), (71, 20), (65, 20), (72, 20), (63, 20)}
zone	{(19, 59), (21, 61), (20, 59), (19, 61), (20, 61), (21, 60), (21, 59), (19, 60), (20, 60)}
pos	(20, 34)
path	{(20, 34), (20, 24), (20, 30), (20, 27), (20, 33), (20, 23), (20, 26), (20, 32), (20, 29), (20, 25), (20, 22), (20, 28), (20, 31)}
zone	{(21, 20), (21, 19), (19, 20), (20, 20), (19, 19), (21, 21), (20, 19), (19, 21), (20, 21)}
pos	(6, 60)
path	{(10, 60), (6, 60), (7, 60), (9, 60), (16, 60), (11, 60), (17, 60), (12, 60), (18, 60), (13, 60), (8, 60), (14, 60), (15, 60)}
zone	{(59, 20), (60, 21), (61, 20), (59, 19), (60, 20), (61, 19), (59, 21), (61, 21), (60, 19)}
pos	(60, 46)
path	{(60, 47), (60, 53), (60, 50), (60, 56), (60, 46), (60, 49), (60, 52), (60, 58), (60, 48), (60, 55), (60, 51), (60, 54), (60, 57)}
zone	{(59, 61), (61, 61), (60, 59), (59, 60), (60, 61), (61, 60), (59, 59), (60, 60), (61, 59)}
pos	(74, 20)
path	{(67, 20), (62, 20), (68, 20), (70, 20), (66, 20), (69, 20), (64, 20), (71, 20), (73, 20), (65, 20), (74, 20), (72, 20), (63, 20)}
zone	{(19, 59), (21, 61), (20, 59), (19, 61), (20, 61), (21, 60), (21, 59), (19, 60), (20, 60)}
pos	(20, 40)
path	{(20, 34), (20, 24), (20, 30), (20, 27), (20, 33), (20, 23), (20, 36), (20, 26), (20, 32), (20, 39), (20, 29), (20, 35), (20, 25), (20, 38), (20, 22), (20, 28), (20, 31), (20, 37)}
zone	{(21, 20), (21, 19), (19, 20), (20, 20), (19, 19), (21, 21), (20, 19), (19, 21), (20, 21)}
pos	(20, 40)
path	{(20, 44), (20, 41), (20, 47), (20, 50), (20, 56), (20, 53), (20, 40), (20, 43), (20, 49), (20, 46), (20, 52), (20, 58), (20, 55), (20, 42), (20, 45), (20, 51), (20, 48), (20, 54), (20, 57)}
zone	{(59, 20), (60, 21), (61, 20), (59, 19), (60, 20), (61, 19), (59, 21), (61, 21), (60, 19)}
